  9.99999999999978684E-002   59.608244168016455     
  0.10769847912739650        49.569484876085376     
  0.11539949101466007        41.596589467433247     
  0.12310303649505983        35.202045238727997     
  0.13080911640212278        30.013135049531350     
  0.13851773156967440        25.759297733544464     
  0.14622888283179591        22.240327023352144     
  0.15394257102284925        19.306057543337513     
  0.16165879697747343        16.859662987364455     
  0.16937756153057748        14.818979691068787     
  0.17709886551735110        13.043593486996675     
  0.18482270977325399        11.525378419102084     
  0.19254909513401586        10.220459500449472     
  0.20027802243565063        9.0941077880601817     
  0.20800949251444578        8.1172771040489948     
  0.21574350620695526        7.2665347730518235     
  0.22348006435002787        6.5230892592600274     
  0.23121916778076113        5.8710739402560428     
  0.23896081733654739        5.2982592994307298     
  0.24670501385504906        4.8025965660904584     
  0.25445175817419852        4.3540991803340692     
  0.26220105113221592        3.9559477100260381     
  0.26995289356758789        3.5819378018414616     
  0.27770728631908170        3.3274316249664628     
  0.28546423022572753        3.4123515504574051     
  0.29322372612685399        3.1741945912302678     
  0.30098577486205613        2.9574884120726939     
  0.30875037727119192        2.7598702590394293     
  0.31651753419441420        2.5793478723269643     
  0.32428724647214224        2.4141007386016238     
  0.33205951494507602        2.2625832422986343     
  0.33983434045418548        2.1234135185025935     
  0.34761172384072836        1.9983664385116366     
  0.35539166594623595        1.8824922882371342     
  0.36317416761250598        1.7735558367463631     
  0.37095922968162398        1.6728166710189325     
  0.37874685299594901        1.5795718874221865     
  0.38653703839811371        1.4931045098852269     
  0.39432978673104202        1.4151411339600126     
  0.40212509883791725        1.4084133524179023     
  0.40992297556220336        1.3364110992492668     
  0.41772341774765920        1.2692561041385004     
  0.42552642623829939        1.2065442344238482     
  0.43333200187841925        1.1479099255737775     
  0.44114014551261249        1.0930227417199558     
  0.44895085798572865        1.0415832056766947     
  0.45676414014289790       0.99334974883000227     
  0.46457999282953821       0.94805538923377519     
  0.47239841689134110       0.90549294455544960     
  0.48021941317427164       0.86544768805565242     
  0.48804298252458977       0.82774336214174771     
  0.49586912578880415       0.79221274159226862     
  0.50369784381372540       0.75869168893361916     
  0.51152913744643769       0.72705403918739642     
  0.51936300753430231       0.69715493197469947     
  0.52719945492496123       0.73579093142302332     
  0.53503848046633351        1.1085034201264339     
  0.54288008500661888        1.0671994573141701     
  0.55072426939428709        1.0279420356130524     
  0.55857103447810275       0.99061182402207348     
  0.56642038110709336       0.95508523483992880     
  0.57427231013058488       0.92125626964260698     
  0.58212682239816615       0.88901927404037984     
  0.58998391875971024       0.85828419068590323     
  0.59784360006537085       0.82973976470667532     
  0.60570586716557884       0.80176059118463128     
  0.61357072091105636       0.77500510102893005     
  0.62143816215278491       0.74943446805232394     
  0.62930819174204444       0.72498816867283722     
  0.63718081053038489       0.70160325828777592     
  0.64505601936964396       0.67921993537540137     
  0.65293381911193293       0.65778922767127168     
  0.66081421060964018       0.63725498630496269     
  0.66869719471544542       0.61757371351352552     
  0.67658277228230190       0.59870043719657151     
  0.68447094416344356       0.58060960817788632     
  0.69236171121239209       0.56330710812729068     
  0.70025507428293565       0.54871009696868589     
  0.70815103422916081       0.59761097139131281     
  0.71604959190541706       0.58101192314392280     
  0.72395074816635230       0.56502320330969413     
  0.73185450386688089       0.54961941180114904     
  0.73976085986220852       0.53476943998853677     
  0.74766981700782154       0.52045263178167811     
  0.75558137615947985       0.50664191326322106     
  0.76349553817323113       0.49331786924889076     
  0.77141230390540372       0.48045562615100240     
  0.77933167421261018       0.46803733280379034     
  0.78725364995173663       0.45604300218447924     
  0.79517823197996762       0.44445473796948681     
  0.80310542115474348       0.43325541975671689     
  0.81103521833381365       0.42242929143699581     
  0.81896762437519754       0.41195877681164983     
  0.82690264013719172       0.40183152003146511     
  0.83484026647838050       0.39203300917207468     
  0.84278050425763595       0.38254841505693987     
  0.85072335433410728       0.37427908055785813     
  0.85866881756721725       0.36679158266325113     
  0.86661689481669768       0.39445246873798789     
  0.87456758694253267       0.39076093109592258     
  0.88252089480501539       0.38172342965478356     
  0.89047681926469480       0.37296254313214100     
  0.89843536118242184       0.36446500091349249     
  0.90639652141933524       0.35622318426104566     
  0.91436030083684372       0.34822684331819154     
  0.92232670029664376       0.34046680406642094     
  0.93029572066071609       0.33293372987694214     
  0.93826736279132206       0.32562048894200712     
  0.94624162755101082       0.31851785230407947     
  0.95421851580261574       0.31161997315243056     
  0.96219802840924729       0.30491799537635883     
  0.97018016623431436       0.29840439394168689     
  0.97816493014149586       0.29207519404419063     
  0.98615232099474781       0.28592197104026090     
  0.99414233965833887       0.27993806369944435     
   1.0021349869967970       0.27411958338428027     
   1.0101302638749416       0.26845958366566769     
   1.0181281711578833       0.26295352040097170     
   1.0261287097110028       0.25759497475602361     
   1.0341318803999826       0.25237965526797929     
   1.0421376840907790       0.24730374584937745     
   1.0501461216496324       0.24236127182640296     
   1.0581571939430816       0.23754822170961579     
   1.0661709018379248       0.23291541929459358     
   1.0741872462012836       0.22887044299187329     
   1.0822062279005173       0.22441147303458764     
   1.0902278478033161       0.22006646446194303     
   1.0982521067776219       0.21583092687445671     
   1.1062790056916825       0.21170303979171448     
   1.1143085454140262       0.20767844009291123     
   1.1223407268134586       0.20375363285941447     
   1.1303755507590800       0.19992680288417858     
   1.1384130181202785       0.19619315291061390     
   1.1464531297667193       0.19255115302390280     
   1.1544958865683626       0.18899786464363297     
   1.1625412893954454       0.18553004658169386     
   1.1705893391185036       0.18214603009046029     
   1.1786400366083498       0.17884255550329173     
   1.1866933827360775       0.17561750024024728     
   1.1947493783730891       0.17246832239192922     
   1.2028080243910502       0.16939327472166099     
   1.2108693216619208       0.16638981817440443     
   1.2189332710579528       0.16345580917497002     
   1.2269998734516854       0.16058957551801009     
   1.2350691297159386       0.15778896652416913     
   1.2431410407238168       0.15505246770139697     
   1.2512156073487226       0.15237786557878641     
   1.2592928304643394       0.14976348223504987     
   1.2673727109446382       0.14720806679544660     
   1.2754552496638780       0.14470899704594006     
   1.2835404474966055       0.14226551406042554     
   1.2916283053176585       0.13987639076756347     
   1.2997188240021558       0.13962703049577826     
   1.3078120044255073       0.14353868780369533     
   1.3159078474634107       0.14118357131014764     
   1.3240063539918623       0.13887902794924781     
   1.3321075248871246       0.13662351913322582     
   1.3402113610257658       0.13441601909449430     
   1.3483178632846347       0.13225474345469093     
   1.3564270325408678       0.13013904790949823     
   1.3645388696719039       0.12806758326731693     
   1.3726533755554549       0.12603901116249713     
   1.3807705510695278       0.12405244591511762     
   1.3888903970924105       0.12210654547435855     
   1.3970129145026924       0.12020078880605387     
   1.4051381041792510       0.11833362058616285     
   1.4132659670012373       0.11650428276704482     
   1.4213965038481113       0.11471201535275465     
   1.4295297155996067       0.11295546012653747     
   1.4376656031357555       0.11123420648298459     
   1.4458041673368811       0.10954694540641353     
   1.4539454090835875       0.10789313182773611     
   1.4620893292567771       0.10627189526328289     
   1.4702359287376296       0.10468235989592793     
   1.4783852084076372       0.10312385924730398     
   1.4865371691485585       0.10159550539589553     
   1.4946918118424541       0.10009675108546019     
   1.5028491373716726       9.86267462646051307E-002
   1.5110091466188571       9.71848120989072389E-002
   1.5191718404669281       9.57704672988758665E-002
   1.5273372197991151       9.43827716281375878E-002
   1.5355052854989211       9.30214759841007655E-002
   1.5436760384501511       9.16855394861255252E-002
   1.5518494795369016       9.03765526510318801E-002
   1.5600256096435459       8.95992913598916557E-002
   1.5682044296547595       8.83298514619511588E-002
   1.5763859404555127       8.70839487412587293E-002
   1.5845701429310495       8.58608695643142822E-002
   1.5927570379669334       8.46601564854366356E-002
   1.6009466264489944       8.34812440217340412E-002
   1.6091389092633612       8.23236067477075284E-002
   1.6173338872964536       8.11870251171518398E-002
   1.6255315614349932       8.00707832632155531E-002
   1.6337319325659756       7.89745062673862380E-002
   1.6419350015766980       7.78977605507437387E-002
   1.6501407693547598       7.68401248796239666E-002
   1.6583492367880339       7.58010694659065620E-002
   1.6665604047646845       7.47803787236612089E-002
   1.6747742741731919       7.37774855102336785E-002
   1.6829908459023031       7.27920670915120638E-002
   1.6912101208410704       7.18237604667567586E-002
   1.6994320998788339       7.08722108841175619E-002
   1.7076567839052323       6.99370024136188040E-002
   1.7158841738101955       6.90178480869334948E-002
   1.7241142704839305       6.81144216282131287E-002
   1.7323470748169640       6.72262876300620260E-002
   1.7405825877000929       6.63532541009567572E-002
   1.7488208100244265       6.54948849877702299E-002
   1.7570617426813442       6.46509905975031079E-002
   1.7653053865625381       6.38212273148751619E-002
   1.7735517425599880       6.30052602780085264E-002
   1.7818008115659651       6.22028130041842528E-002
   1.7900525944730283       6.14136195244695676E-002
   1.7983070921740563       6.06374965522856052E-002
   1.8065643055621798       5.98740471795484175E-002
   1.8148242355308533       5.91230256763865467E-002
   1.8230868829738256       5.83843168301540066E-002
   1.8313522487851266       5.76575516710519861E-002
   1.8396203338590844       6.14387493971390794E-002
   1.8478911390903185       6.12812610436499136E-002
   1.8561646653737505       6.05377578130053065E-002
   1.8644409136045930       5.98060335580001823E-002
   1.8727198846783573       5.90857709182413052E-002
   1.8810015794908423       5.83767134443497759E-002
   1.8892859989381350       5.76787352750099749E-002
   1.8975731439166310       5.69915404743658663E-002
   1.9058630153230247       5.63149690050454496E-002
   1.9141556140542875       5.56489055587258558E-002
   1.9224509410076962       5.49929168241547819E-002
   1.9307489970808227       5.43470422835016301E-002
   1.9390497831715372       5.37109429743352698E-002
   1.9473533001779906       5.30845967490373577E-002
   1.9556595489986499       5.24677056024080227E-002
   1.9639685305322701       5.18600224565440790E-002
   1.9722802456778936       5.12614912874584591E-002
   1.9805946953348617       5.06719131618844076E-002
   1.9889118804028207       5.00911567942666711E-002
   1.9972318017817052       4.95190265908332164E-002
   2.0055544603717479       4.89553383891961971E-002
   2.0138798570734728       4.83999332609511210E-002
   2.0222079927877132       4.78527345633530804E-002
   2.0305388684155758       4.73135653335563233E-002
   2.0388724848584943       4.67821804023600823E-002
   2.0472088430181792       4.62586078580519283E-002
   2.0555479437966291       4.57425789831980498E-002
   2.0638897880961622       4.52340550000881608E-002
   2.0722343768193774       4.47328142495385453E-002
   2.0805817108691826       4.42387254333455396E-002
   2.0889317911487666       4.37517578660008705E-002
   2.0972846185616376       4.32717380745949037E-002
   2.1056401940115776       4.27985030677504319E-002
   2.1139985184026777       4.23319673714332295E-002
   2.1223595926393308       4.18719902890733325E-002
   2.1307234176262178       4.14184871564591481E-002
   2.1390899942683177       4.09713226418544699E-002
   2.1474593234709225       4.05304757142986374E-002
   2.1558314061396011       4.00956855142680438E-002
   2.1642062431802316       3.96669448532502439E-002
   2.1725838354989833       3.92441555052261692E-002
   2.1809641840023382       3.88272098643972982E-002
   2.1893472895970660       3.84159006910688161E-002
   2.1977331531902244       3.80103563852203299E-002
   2.2061217756891907       3.76102631946638039E-002
   2.2145131580016262       3.72156094446481969E-002
   2.2229073010354981       3.68263371617592941E-002
   2.2313042056990717       3.64423276802040980E-002
   2.2397038729009004       3.60635248376032710E-002
   2.2481063035498501       3.56897105167055737E-002
   2.2565114985550849       3.53209826344188862E-002
   2.2649194588260571       3.49571578593422805E-002
   2.2733301852725241       3.45981849469362002E-002
   2.2817436788045526       3.42439393950779922E-002
   2.2901599403324902       3.38944115612246494E-002
   2.2985789707669966       3.35494750905520958E-002
   2.3070007710190268       3.32091093095164200E-002
   2.3154253419998341       3.28731529246391943E-002
   2.3238526846209773       3.25415760273645854E-002
   2.3322827997943172       3.22143799426031011E-002
   2.3407156884319988       3.18913781250698344E-002
   2.3491513514464835       3.15725960974730172E-002
   2.3575897897505271       3.12579059184632038E-002
   2.3660310042571844       3.09472176372060231E-002
   2.3744749958798117       3.06405598938064815E-002
   2.3829217655320605       3.03378444486976755E-002
   2.3913713141278912       3.00389653253237340E-002
   2.3998236425815733       2.97438681675189880E-002
   2.4082787518076501       2.94525186922253226E-002
   2.4167366427209913       2.91649152234918461E-002
   2.4251973162367477       2.88808589762627153E-002
   2.4336607732703897       2.86003974721664340E-002
   2.4421270147376788       2.83234304002764267E-002
   2.4505960415546859       2.80499737939843008E-002
   2.4590678546377589       2.77798554126512595E-002
   2.4675424549035796       2.81705842148205036E-002
   2.4760198432691070       2.89374656604091361E-002
   2.4845000206516232       2.86632788291575694E-002
   2.4929829879686878       2.83924347922670621E-002
   2.5014687461381868       2.81248842401999807E-002
   2.5099572960782872       2.78605755404620313E-002
   2.5184486387074720       2.75995157270971618E-002
   2.5269427749445157       2.73415627774368404E-002
   2.5354397057085087       2.70867470645598206E-002
   2.5439394319188295       2.68349371509226144E-002
   2.5524419544951762       2.65861565449671058E-002
   2.5609472743575203       2.63403608887676534E-002
   2.5694553924261712       2.60974909799023581E-002
   2.5779663096217149       2.58575167830480679E-002
   2.5864800268650576       2.56203403215494833E-002
   2.5949965450773895       2.53859969910482201E-002
   2.6035158651802277       2.51544282167296615E-002
   2.6120379880953664       2.49255481666924641E-002
   2.6205629147449230       2.46993173440959030E-002
   2.6290906460513206       2.44758160748999448E-002
   2.6376211829372629       2.42548547217286310E-002
   2.6461545263257733       2.40364475678315308E-002
   2.6546906771401808       2.38205603257124060E-002
   2.6632296363041164       2.36072212045299046E-002
   2.6717714047415058       2.33963150072742272E-002
   2.6803159833765875       2.31878215246877836E-002
   2.6888633731339056       2.29817236952970967E-002
   2.6974135749383059       2.27779735756154580E-002
   2.7059665897149294       2.25765841651349788E-002
   2.7145224183892331       2.23774186104296093E-002
   2.7230810618869761       2.21805354361055210E-002
   2.7316425211342228       2.19859010766778537E-002
   2.7402067970573327       2.17934433705583193E-002
   2.7487738905829886       2.16031615622690361E-002
   2.7573438026381574       2.14150102643178054E-002
   2.7659165341501257       2.12289471585753557E-002
   2.7744920860464788       2.10449708159262255E-002
   2.7830704592551108       2.08630531846724504E-002
   2.7916516547042143       2.06831271875636616E-002
   2.8002356733222911       2.05052175354624652E-002
   2.8088225160381590       2.03292768054592447E-002
   2.8174121837809203       2.01640407628079152E-002
   2.8260046774800038       2.00003448441648454E-002
   2.8345999980651264       1.98299886099941695E-002
   2.8431981464663245       1.96615436082885654E-002
   2.8517991236139295       1.94948740471770424E-002
   2.8604029304385890       1.93300699516060631E-002
   2.8690095678712524       1.91670158699224318E-002
   2.8776190368431749       1.90057418387715935E-002
   2.8862313382859170       1.88462005720213994E-002
   2.8948464731313415       1.86883803698811371E-002
   2.9034644423116340       1.85322577296465688E-002
   2.9120852467592684       1.83778242635228295E-002
   2.9207088874070379       1.82250200026900060E-002
   2.9293353651880345       1.80738389174617542E-002
   2.9379646810356554       1.79242924436504719E-002
   2.9465968358836214       1.77763020063417335E-002
   2.9552318306659409       1.76298960581426044E-002
   2.9638696663169419       1.74850407873513684E-002
   2.9725103437712512       1.73416920204287617E-002
   2.9811538639638080       1.71998555378830784E-002
   2.9898002278298677       1.70595037903506774E-002
   2.9984494363049699       1.69206562459389732E-002
   3.0071014903249846       1.67832072907160706E-002
   3.0157563908260734       1.66472083368566330E-002
   3.0244141387447314       1.65126162228906234E-002
   3.0330747350177241       1.63794345524553506E-002
   3.0417381805821577       1.62476153906894079E-002
   3.0504044763754337       1.61171523783633711E-002
   3.0590736233352551       1.59880388445425396E-002
   3.0677456223996487       1.58602466248971806E-002
   3.0764204745069428       1.57337500961249044E-002
   3.0850981805957645       1.56085739269349408E-002
   3.0937787416050639       1.54846501569480266E-002
   3.1024621584741006       1.53620048344535985E-002
   3.1111484321424356       1.52405818504275179E-002
   3.1198375635499325       1.51203953594246446E-002
   3.1285295536367812       1.50014204514922790E-002
   3.1372244033434669       1.48836432743067928E-002
   3.1459221136107942       1.47670383258331154E-002
   3.1546226853798700       1.46516132695399728E-002
   3.1633261195921207       1.45373508653600190E-002
   3.1720324171892678       1.44242374181574977E-002
   3.1807415791133522       1.43122229981634819E-002
   3.1894536063067207       1.42013296063065002E-002
   3.1981684997120325       1.41575719590527251E-002
   3.2068862602722596       1.42857120768760202E-002
   3.2156068889306795       1.41759145715537691E-002
   3.2243303866308821       1.40671970689418002E-002
   3.2330567543167668       1.39595557483303129E-002
   3.2417859929325452       1.38529608862387882E-002
   3.2505181034227348       1.37474160296649217E-002
   3.2592530867321727       1.36428842065441716E-002
   3.2679909438059980       1.35393688318011744E-002
   3.2767316755896587       1.34368748407748435E-002
   3.2854752830289335       1.33353421191194452E-002
   3.2942217670698888       1.32348179350606186E-002
   3.3029711286589141       1.31352389910631834E-002
   3.3117233687427081       1.30366447740304630E-002
   3.3204784882682787       1.29389740544463040E-002
   3.3292364881829499       1.28422395564367527E-002
   3.3379973694343548       1.27464247476446763E-002
   3.3467611329704354       1.26515349518438614E-002
   3.3555277797394467       1.25575414890880133E-002
   3.3642973106899667       1.24644350463829299E-002
   3.3730697267708685       1.23722294688963022E-002
   3.3818450289313482       1.22808903934374988E-002
   3.3906232181209042       1.21903924875079641E-002
   3.3994042952893651       1.21007570654244837E-002
   3.4081882613868544       1.20119671174080105E-002
   3.4169751173638154       1.19239967986352457E-002
   3.4257648641710077       1.18368461325957745E-002
   3.4345575027594926       1.17505193877226674E-002
   3.4433530340806549       1.16649916556333770E-002
   3.4521514590861884       1.15802637929752761E-002
   3.4609527787281067       1.14963254497515762E-002
   3.4697569939587147       1.14131388151296996E-002
   3.4785641057306584       1.13307247076795160E-002
   3.4873741149968858       1.12490803829711859E-002
   3.4961870227106502       1.11681843503551505E-002
   3.5050028298255320       1.10880352975113953E-002
   3.5138215372954136       1.10086167247755717E-002
   3.5226431460745040       1.09299146812628402E-002
   3.5314676571173109       1.08519482569898584E-002
   3.5402950713786723       1.07746696481397439E-002
   3.5491253898137209       1.06980917538063523E-002
   3.5579586133779237       1.06222115966716976E-002
   3.5667947430270566       1.05470289889975505E-002
   3.5756337797171938       1.04725162531251765E-002
   3.5844757244047507       1.03986801599807617E-002
   3.5933205780464341       1.03255012808499327E-002
   3.6021683415992740       1.02529758245655245E-002
   3.6110190160206237       1.01811048508233647E-002
   3.6198726022681385       1.01098693350127732E-002
   3.6287291012997969       1.00392678353817058E-002
   3.6375885140738866       9.96929961962741973E-003
   3.6464508415490187       9.89995759607846179E-003
   3.6553160846841095       9.83121640052285993E-003
   3.6641842444383954       9.76308417627824721E-003
   3.6730553217714323       9.69554638132158648E-003
   3.6819293176430961       9.62862147618114179E-003
   3.6908062330135571       9.56227311548007650E-003
   3.6996860688433237       9.49651732148782367E-003
   3.7085688260932059       9.43132621148717702E-003
   3.7174545057243407       9.36669836271572347E-003
   3.7263431086981775       9.30264569455104343E-003
   3.7352346359764788       9.23915715048755429E-003
   3.7441290885213263       9.17620341144549483E-003
   3.7530264672951112       9.11380622325310384E-003
   3.7619267732605586       9.05193880912248151E-003
   3.7708300073806917       8.99062289632260661E-003
   3.7797361706188610       8.92981307093546062E-003
   3.7886452639387294       8.86953338939851579E-003
   3.7975572883042830       8.80977689651263850E-003
   3.8064722446798172       8.75051182820743914E-003
   3.8153901340299470       8.69177625790562222E-003
   3.8243109573196108       8.63354249195407396E-003
   3.8332347155140525       8.57579576072683807E-003
   3.8421614095788463       8.51854120747464437E-003
   3.8510910404798793       8.46177358129963572E-003
   3.8600236091833473       8.40548205215904155E-003
   3.8689591166557804       8.34966794054065563E-003
   3.8778975638640212       8.29432680822784346E-003
   3.8868389517752142       8.23944726470913352E-003
   3.8957832813568487       8.18503587664935750E-003
   3.9047305535767087       8.13106649506046067E-003
   3.9136807694029123       8.07756677396113780E-003
   3.9226339298038901       8.02450564282009872E-003
   3.9315900357483962       7.97188821132705470E-003
   3.9405490882054970       7.91971158485983012E-003
   3.9495110881445719       7.86795995907381418E-003
   3.9584760365353375       7.81664904788593670E-003
   3.9674439343478127       7.76574593666406587E-003
   3.9764147825523466       7.71528004119827627E-003
   3.9853885821196009       7.66522287160749296E-003
   3.9943653340205572       7.61558412069924390E-003
   4.0033450392265202       7.56634154677628210E-003
   4.0123276987091145       7.51751422744566071E-003
   4.0213133134402739       7.46908402478248679E-003
   4.0303018843922658       7.42733175862141624E-003
   4.0392934125376740       7.51904222734870852E-003
   4.0482878988493880       7.47092650389294746E-003
   4.0572853443006451       7.42320848735721940E-003
   4.0662857498649778       7.37586940979706451E-003
   4.0752891165162488       7.32891607214048932E-003
   4.0842954452286442       7.28234838437167176E-003
   4.0933047369766591       7.23615251940739387E-003
   4.1023169927351262       7.19032133861440079E-003
   4.1113322134791801       7.14486478013213935E-003
   4.1203504001842965       7.09975875554001278E-003
   4.1293715538262532       7.05503197534468416E-003
   4.1383956753811582       7.01064764133340831E-003
   4.1474227658254357       6.96662071802722771E-003
   4.1564528261358511       6.92294558868951793E-003
   4.1654858572894575       6.87961896953427111E-003
   4.1745218602636527       6.83662164447707693E-003
   4.1835608360361505       6.79397659033028397E-003
   4.1926027855849881       6.75166196718572816E-003
   4.2016477098885225       6.70970265699520792E-003
   4.2106956099254269       6.66804944951228645E-003
   4.2197464866747119       6.62672615579136103E-003
   4.2288003411156900       6.58573297935647999E-003
   4.2378571742280187       6.54505932163906411E-003
   4.2469169869916534       6.50469872875662943E-003
   4.2559797803868875       6.46465967027113134E-003
   4.2650455553943409       6.42492387944848010E-003
   4.2741143129949393       6.38550647190508792E-003
   4.2831860541699385       6.34639049188364616E-003
   4.2922607799009320       6.30756807466607838E-003
   4.3013384911698118       6.26906139450025476E-003
   4.3104191889588073       6.23084358818976145E-003
   4.3195028742504746       6.19291877118556718E-003
   4.3285895480276757       6.15528523281295287E-003
   4.3376792112736098       6.11794744890070945E-003
   4.3467718649718030       6.08088802480013634E-003
   4.3558675101060942       6.04412185389693705E-003
   4.3649661476606525       6.00762096091614177E-003
   4.3740677786199704       5.97141583992972808E-003
   4.3831724039688531       5.93547204496277115E-003
   4.3922800246924467       5.89980440270541050E-003
   4.4013906417762172       5.86441452465469564E-003
   4.4105042562059431       5.82928087476391934E-003
   4.4196208689677441       5.79442323700030473E-003
   4.4287404810480453       5.75982590691387006E-003
   4.4378630934336201       5.72548858683564858E-003
   4.4469887071115437       5.69140880185851818E-003
   4.4561173230692290       5.65758812170956849E-003
   4.4652489422944122       5.62401797538096809E-003
   4.4743835657751525       5.59070218484692023E-003
   4.4835211944998292       5.55763082088548289E-003
   4.4926618294571554       5.52480375025586872E-003
   4.5018054716361711       5.49222796879034973E-003
   4.5109521220262287       5.45989032636348855E-003
   4.5201017816170186       5.42780285401723173E-003
   4.5292544513985504       5.39593974641362252E-003
   4.5384101323611681       5.36431583853819779E-003
   4.5475688254955209       5.33292522646445968E-003
   4.5567305317926099       5.30176717008665806E-003
   4.5658952522437488       5.27083550828247142E-003
   4.5750629878405711       5.24013341251824017E-003
   4.5842337395750477       5.20966040038836446E-003
   4.5934075084394728       5.17941065657014175E-003
   4.6025842954264746       5.14937348343367293E-003
   4.6117641015289905       5.11956552120136632E-003
   4.6209469277402881       5.08996868103847675E-003
   4.6301327750539834       5.06058994201731994E-003
   4.6393216444639940       5.03142316392561021E-003
   4.6485135369645718       5.00247363809090250E-003
   4.6577084535503026       4.97372498240010279E-003
   4.6669063952160954       4.94518771767880460E-003
   4.6761073629571825       4.91685663467470065E-003
   4.6853113577691339       4.88872749292991373E-003
   4.6945183806478283       4.86080502698447384E-003
   4.7037284325894930       4.83308339712181650E-003
   4.7129415145906748       4.80556286912258140E-003
   4.7221576276482438       4.77823508237685927E-003
   4.7313767727594040       4.75110017840391693E-003
   4.7405989509216830       4.72416488482224270E-003
   4.7498241631329385       4.69741455314975909E-003
   4.7590524103913623       4.67086321582255853E-003
   4.7682836936954622       4.64449044436857170E-003
   4.7775180140440874       4.61831590077764996E-003
   4.7867553724364065       4.59231900348518966E-003
   4.7959957698719187       4.56650938984742676E-003
   4.8052392073504571       4.54087792576244719E-003
   4.8144856858721852       4.51543006524216320E-003
   4.8237352064375791       4.49016433027047898E-003
   4.8329877700474597       4.46507250284282689E-003
   4.8422433777029745       4.44015458607383354E-003
   4.8515020304056016       4.41541688273945892E-003
   4.8607637291571351       4.39085071994513298E-003
   4.8700284749597209       4.36645659133053955E-003
   4.8792962688158212       4.34223111934503667E-003
   4.8885671117282250       4.31817284851033177E-003
   4.8978410047000551       4.29428740275575749E-003
   4.9071179487347720       4.27056332099735696E-003
   4.9163979448361594       4.24700430613761393E-003
   4.9256809940083279       4.22361000151952413E-003
   4.9349670972557185       4.20037538791757058E-003
   4.9442562555831131       4.17729677393690376E-003
   4.9535484699956136       4.15438097945576221E-003
   4.9628437414986557       4.13163067292464988E-003
   4.9721420710980055       4.10902327712637985E-003
   4.9814434597997668       4.08658115977815310E-003
   4.9907479086103628       4.06428924607082735E-003
   5.0000554185365544       4.04215033819476429E-003
   5.0093659905854366       4.02015871716827553E-003
   5.0186796257644311       3.99832060816299271E-003
   5.0279963250812827       3.97663177608665718E-003
   5.0373160895440918       3.95509170449907278E-003
   5.0466389201612643       3.93369212422811382E-003
   5.0559648179415504       3.91244060849960714E-003
   5.0652937838940346       3.89133827750141317E-003
   5.0746258190281353       3.87037531082829681E-003
   5.0839609243535833       3.84955045108958472E-003
   5.0932991008804649       3.82886682192555734E-003
   5.1026403496191861       3.80832483480313426E-003
   5.1119846715804940       3.78791783420621064E-003
   5.1213320677754552       3.76765100454836159E-003
   5.1306825392154813       3.74751650845220026E-003
   5.1400360869123105       3.72752021769231709E-003
   5.1493927118780221       3.70765835811854216E-003
   5.1587524151250115       3.68792332187622973E-003
   5.1681151976660189       3.66832315030846731E-003
   5.1774810605141219       3.64885427645042591E-003
   5.1868500046827251       3.62951173988640451E-003
   5.1962220311855596       3.61030302768869903E-003
   5.2055971410367015       3.59121520729652286E-003
   5.2149753352505606       3.57225082797407289E-003
   5.2243566148418736       3.55341974067617658E-003
   5.2337409808257114       3.53471119811774991E-003
   5.2431284342174855       3.51612477223756494E-003
   5.2525189760329347       3.49765761310532946E-003
   5.2619126072881279       3.47931696350829451E-003
   5.2713093289994895       3.46109531836513240E-003
   5.2807091421837491       3.44298875538007155E-003
   5.2901120478579955       3.42500556047002202E-003
   5.2995180470396406       3.40713828595109926E-003
   5.3089271407464267       3.38938700259046452E-003
   5.3183393299964337       3.37174873023670480E-003
   5.3277546158080931       3.35422800490061453E-003
   5.3371729992001491       3.33682012664524626E-003
   5.3465944811916870       3.31952607014469056E-003
   5.3560190628021402       3.30234504646334569E-003
   5.3654467450512513       3.28527068967552401E-003
   5.3748775289591322       3.26830797866812725E-003
   5.3843114155461969       3.25145936076265017E-003
   5.3937484058332252       3.23471807822334461E-003
   5.4031885008413063       3.21807825995789254E-003
   5.4126317015918808       3.20154825174594378E-003
   5.4220780091067269       3.18512476765424714E-003
   5.4315274244079532       3.16880657386471457E-003
   5.4409799485179988       3.15259210745027618E-003
   5.4504355824596438       3.13648234995621018E-003
   5.4598943272560234       3.12047805089589935E-003
   5.4693561839305751       3.10456936164532236E-003
   5.4788211535070985       3.08876448766825119E-003
   5.4882892370097274       3.07306178881029419E-003
   5.4977604354629115       3.05745489001619250E-003
   5.5072347498914738       3.04194710596102482E-003
   5.5167121813205355       3.02654197618802603E-003
   5.5261927307755840       3.01123248365910232E-003
   5.5356763992824298       2.99601715121165227E-003
   5.5451631878672316       2.98089835038576863E-003
   5.5546530975564679       2.96587443961491334E-003
   5.5641461293769758       2.95094797346055846E-003
   5.5736422843559161       2.93611114589245603E-003
   5.5831415635207904       2.92136849230340565E-003
   5.5926439678994413       2.90671698521815852E-003
   5.6021494985200526       2.89215830967828359E-003
   5.6116581564111350       2.87769013172457398E-003
   5.6211699426015400       2.86330993493533062E-003
   5.6306848581204747       2.84902361637559640E-003
   5.6402029039974693       2.83482428617325751E-003
   5.6497240812623843       2.82071587203012184E-003
   5.6592483909454465       2.80668939667973747E-003
   5.6687758340771879       2.79275272774434646E-003
   5.6783064116885100       2.77889873031458802E-003
   5.6878401248106378       2.76513425265953634E-003
   5.6973769744751301       2.75145258961893889E-003
   5.7069169617139046       2.73785494920736165E-003
   5.7164600875592022       2.72434214854356833E-003
   5.7260063530436014       2.71091228791290120E-003
   5.7355557592000430       2.69756585330914195E-003
   5.7451083070617806       2.68429892471161056E-003
   5.7546639976624157       2.67111587230577053E-003
   5.7642228320359017       2.65800858601407224E-003
   5.7737848112165224       2.64498376567772007E-003
   5.7833499362388956       2.63203972519785888E-003
   5.7929182081379977       2.61917256605522647E-003
   5.8024896279491287       2.60638477919463525E-003
   5.8120641967079365       2.59367274211835027E-003
   5.8216419154504067       2.58103718443713527E-003
   5.8312227852128729       2.56847966801415249E-003
   5.8408068070319992       2.55600104990499422E-003
   5.8503939819447943       2.54359150025342245E-003
   5.8599843109886187       2.53126173081836712E-003
   5.8695777952011596       2.51900360979627393E-003
   5.8791744356204454       2.50682175933291491E-003
   5.8887742332848632       2.49470971935038862E-003
   5.8983771892331269       2.48267180325012233E-003
   5.9079833045042882       2.47070744742919996E-003
   5.9175925801377538       2.45881136054938894E-003
   5.9272050171732680       2.44699036913865456E-003
   5.9368206166509125       2.43523690369343857E-003
   5.9464393796111175       2.42355304596227538E-003
   5.9560613070946467       2.41194155367775330E-003
   5.9656864001426193       2.40039776110585789E-003
   5.9753146597964886       2.38891942206496868E-003
   5.9849460870980451       2.38423525037085920E-003
   5.9945806830894384       2.38525237501445702E-003
   6.0042184488131376       2.37390254958232344E-003
   6.0138593853119815       2.36262513401551150E-003
   6.0235034936291285       2.35140979971213164E-003
   6.0331507748080995       2.34026031028333314E-003
   6.0428012298927456       2.32917762618697725E-003
   6.0524548599272627       2.31815982014632778E-003
   6.0621116659561949       2.30720675573891417E-003
   6.0717716490244307       2.29631642271713394E-003
   6.0814348101771998       2.28549076183771557E-003
   6.0911011504600694       2.27472953199916138E-003
   6.1007706709189620       2.26403095896482269E-003
   6.1104433726001375       2.25339210251308646E-003
   6.1201192565501970       2.24281639640904829E-003
   6.1297983238161002       2.23230209085462138E-003
   6.1394805754451411       2.22184875514070410E-003
   6.1491660124849439       2.21145716781356166E-003
   6.1588546359835128       2.20112560220832006E-003
   6.1685464469891613       2.19085268571766979E-003
   6.1782414465505688       2.18063804022575582E-003
   6.1879396357167487       2.17048313086855987E-003
   6.1976410155370729       2.16038665843923828E-003
   6.2073455870612442       2.15035095633622905E-003
   6.2170533513393131       2.14037054871884808E-003
   6.2267643094216893       2.13044719014461462E-003
   6.2364784623591163       2.12058189166956790E-003
   6.2461958112026714       2.11077339601897524E-003
   6.2559163570038123       2.10101957862582952E-003
   6.2656401008143057       2.09132010509696393E-003
   6.2753670436862805       2.08167973471256890E-003
   6.2850971866722176       2.07209110654626430E-003
   6.2948305308249388       2.06255912748220475E-003
   6.3045670771976070       2.05308123991745787E-003
   6.3143068268437403       2.04365492020915866E-003
   6.3240497808171909       2.03428435408328648E-003
   6.3337959401721768       2.02496583620462300E-003
   6.3435453059632430       2.01570120104910180E-003
   6.3532978792453001       2.00648786946144766E-003
   6.3630536610735824       1.99732533078915029E-003
   6.3728126525036934       1.98821562945288239E-003
   6.3825748545915850       1.97915749357015268E-003
   6.3923402683935286       1.97015143607025657E-003
   6.4021088949661689       1.96119374837929470E-003
   6.4118807353664948       1.95228635738212857E-003
   6.4216557906518368       1.94343013917203447E-003
   6.4314340618798731       1.93462462338228353E-003
   6.4412155501086339       1.92586637718393690E-003
   6.4510002563964974       1.91715795575178659E-003
   6.4607881818021831       1.90849714615771581E-003
   6.4705793273847689       1.89988456119766160E-003
   6.4803736942036778       1.89132000024448796E-003
   6.4901712833186735       1.88280360875954186E-003
   6.4999720957898788       1.87433436981666174E-003
   6.5097761326777643       1.86591210032404872E-003
   6.5195833950431457       1.85753661139039438E-003
   6.5293938839471792       1.84920838115912637E-003
   6.5392076004513910       1.84092331495240135E-003
   6.5490245456176375       1.83268614945394123E-003
   6.5588447205081337       1.82449354691466606E-003
   6.5686681261854432       1.81634718161961827E-003
   6.5784947637124773       1.80824567649666792E-003
   6.5883246341524995       1.80018679233568692E-003
   6.5981577385691246       1.79217326770108546E-003
   6.6079940780263016       1.78420390498550325E-003
   6.6178336535883560       1.77627926769229343E-003
   6.6276764663199437       1.76839609119480690E-003
   6.6375225172860723       1.76055702323609951E-003
   6.6473718075521120       1.75276000041683032E-003
   6.6572243381837737       1.74500551000923688E-003
   6.6670801102471202       1.73729335094201004E-003
   6.6769391248085697       1.72962337509745333E-003
   6.6868013829348776       1.72199521644693788E-003
   6.6966668856931655       1.71440848501251100E-003
   6.7065356341509030       1.70686101455462601E-003
   6.7164076293759010       1.69935749143429742E-003
   6.7262828724363395       1.69189294166875205E-003
   6.7361613644007363       1.68446801971343374E-003
   6.7460431063379538       1.67708206822548330E-003
   6.7559280993172308       1.66973892328054385E-003
   6.7658163444081367       1.66243203924551627E-003
   6.7757078426805997       1.65516812236282999E-003
   6.7856025952049031       1.64794045835683065E-003
   6.7955006030516678       1.64075276737296865E-003
   6.8054018672918879       1.63360486581361382E-003
   6.8153063889968983       1.62649337652024783E-003
   6.8252141692383930       1.61941916001460485E-003
   6.8351252090884032       1.61238481821538186E-003
   6.8450395096193333       1.60538648841050810E-003
   6.8549570719039217       1.59842642050141799E-003
   6.8648778970152726       1.59150341600479981E-003
   6.8748019860268457       1.58461582424099094E-003
   6.8847293400124343       1.57776579589333308E-003
   6.8946599600462051       1.57095328889573192E-003
   6.9045938472026691       1.56417614331563998E-003
   6.9145310025566964       1.55743425168565247E-003
   6.9244714271835051       1.55072723631553768E-003
   6.9344151221586685       1.54405578224813683E-003
   6.9443620885581154       1.53742075160242316E-003
   6.9543123274581262       1.53082094651749178E-003
   6.9642658399353365       1.52425598774074788E-003
   6.9742226270667373       1.51772570115897413E-003
   6.9841826899296713       1.51122752648412905E-003
   6.9941460296018434       1.50476516489502724E-003
   7.0041126471612927       1.49833535651801839E-003
   7.0140825436864453       1.49194090502453923E-003
   7.0240557202560510       1.48557937350513318E-003
   7.0340321779492285       1.47924979366018919E-003
   7.0440119178454630       1.47295413601297677E-003
   7.0539949410245697       1.46669171594237071E-003
   7.0639812485667299       1.46046201390580429E-003
   7.0739708415524944       1.45426401010634830E-003
   7.0839637210627444       1.44809923234007968E-003
   7.0939598881787376       1.44196594562667367E-003
   7.1039593439820763       1.60729734216496297E-003
   7.1139620895547182       2.97722485592053507E-003
   7.1239681259789904       2.96602877777597156E-003
   7.1339774543375576       2.95488347814651256E-003
   7.1439900757134538       2.94378901397605169E-003
   7.1540059911900613       2.93274562112712418E-003
   7.1640252018511177       2.92175293512485570E-003
   7.1740477087807371       2.91081133402187582E-003
   7.1840735130633604       2.89991834425336716E-003
   7.1941026157838017       2.88907615402133342E-003
   7.2041350180272374       2.87828267708358562E-003
   7.2141707208791850       2.86754030791161853E-003
   7.2242097254255384       2.85684596923239812E-003
   7.2342520327525222       2.84619927405075886E-003
   7.2442976439467479       2.83560324058254902E-003
   7.2543465600951649       2.82505335875040623E-003
   7.2643987822850882       2.81455236946653821E-003
   7.2744543116041847       2.80409916422575409E-003
   7.2845131491404871       2.79369294309794129E-003
   7.2945752959823835       2.78333416405672322E-003
   7.3046407532186137       2.77302112561383495E-003
   7.3147095219382727       2.76275649860386772E-003
   7.3247816032308428       2.75253751589082723E-003
   7.3348569981861225       2.74236476227646261E-003
   7.3449357078942974       2.73223763171858173E-003
   7.3550177334459086       2.72215657053169816E-003
   7.3651030759318488       2.71211860861037208E-003
   7.3751917364433695       2.70212739539078817E-003
   7.3852837160720846       2.69218233897822049E-003
   7.3953790159099704       2.68228027360254903E-003
   7.4054776370493514       2.67242384229732146E-003
   7.4155795805829250       2.66261097511527167E-003
   7.4256848476037369       2.65284114193103200E-003
   7.4357934392052059       2.64311729914138913E-003
   7.4459053564810915       2.63343494805725036E-003
   7.4560206005255267       2.62379539530127083E-003
   7.4661391724330031       2.61420067228449642E-003
   7.4762610732983745       2.60464729969975013E-003
   7.4863863042168433       2.58944919102435276E-003
   7.5086735394238850       2.56873122966849981E-003
   7.5309769090628293       2.54821303626301399E-003
   7.5532964248138939       2.52789433436542395E-003
   7.5756320983657552       2.50777343044823178E-003
   7.5979839414155528       2.48784668330371715E-003
   7.6203519656689060       2.46811222577414217E-003
   7.6427361828398936       2.44856638697640329E-003
   7.6651366046510780       2.42920963894817507E-003
   7.6875532428335092       2.41003769785807197E-003
   7.7099861091267243       2.39105060700479585E-003
   7.7324352152787732       2.37224468241395902E-003
   7.7549005730461928       2.35361783450416555E-003
   7.7773821941940504       2.33516845717561842E-003
   7.7998800904959040       2.31689402845360135E-003
   7.8223942737338703       2.29879281991049759E-003
   7.8449247556985569       2.28086220176181411E-003
   7.8674715481891369       2.26310150124093678E-003
   7.8900346630133100       2.24550901265297862E-003
   7.9126141119873239       2.22808050477050048E-003
   7.9352099069359916       2.21081705404986084E-003
   7.9578220596926741       2.19371395102050358E-003
   7.9804505820993157       2.17677078404365874E-003
   8.0030954860064050       2.15998685169021230E-003
   8.0257567832730352       2.14335858101343674E-003
   8.0484344857668795       2.12688544974900086E-003
   8.0711286053641871       2.11056451627594354E-003
   8.0938391539498298       2.09439584488016603E-003
   8.1165661434172591       2.07837504278787950E-003
   8.1393095856685562       2.06250249709261004E-003
   8.1620694926143997       2.04677733328287271E-003
   8.1848458761741156       2.03119538388075397E-003
   8.2076387482756274       2.01575713385565959E-003
   8.2304481208555202       2.00045915692506062E-003
   8.2532740058590122       1.98530264174962522E-003
   8.2761164152399580       1.97028503742594082E-003
   8.2989753609608812       1.95540242716854074E-003
   8.3218508549929595       1.95721818262800185E-003
   8.3447429093160359       1.97569584795904366E-003
   8.3676515359186254       1.96088058547104959E-003
   8.3905767467979224       1.94619957365308664E-003
   8.4135185539598112       1.93165014860192268E-003
   8.4364769694188659       1.91723123944767841E-003
   8.4594520051983473       1.90294243226209778E-003
   8.4824436733302413       1.87983156584977914E-003
   8.5347593841865503       1.84829819001832243E-003
   8.5871612096799410       1.81740057732873717E-003
   8.6396492915600049       1.78712213650071387E-003
   8.6922237718096547       1.75744857022704093E-003
   8.7448847926455322       1.72836492397447920E-003
   8.7976324965183714       1.69985782149999036E-003
   8.8504670261133676       1.67191355125638399E-003
   8.9033885243506141       1.64451783521798924E-003
   8.9563971343854369       1.61765978180493939E-003
   9.0094929996088204       1.59132572039218925E-003
   9.0626762636477629       1.56550342671901710E-003
   9.1159470703656886       1.54018177493509575E-003
   9.1693055638628316       1.51534794839173928E-003
   9.2227518884766191       1.49099184049248279E-003
   9.2762861887820769       1.46710220140587816E-003
   9.3299086095921773       1.44366864507815208E-003
   9.3836192959583009       1.42068037511081926E-003
   9.4374183931705780       1.39812725030980358E-003
   9.4913060467582859       1.36508080700498851E-003
   9.5993476063752645       1.32247126898041301E-003
   9.7077451438416240       1.28143615707757984E-003
   9.8164998320414547       1.24190689363848361E-003
   9.9256128477233396       1.20381752092220992E-003
   10.035085371513009       1.16710764574555611E-003
   10.144918587926167       1.13171759398585569E-003
   10.255113685381271       1.09759130176358588E-003
   10.365671856212412       1.06467662494920271E-003
   10.476594296682219       9.94651731308874177E-004
   10.867708825395805       8.96410705750736109E-004
   11.263352246905004       8.09388122739862948E-004
   11.663577003316799       7.32110670553457713E-004
   12.068436143989150       6.63325386341808245E-004
   12.477983332562612       6.01963725200147827E-004
   12.892272854073429       5.47109953930034298E-004
   13.311359622148945       4.97976589599052649E-004
   13.735299186286316       4.53884347327068629E-004
   14.164147739215576       4.14245471976008883E-004
   14.597962124347898       3.78549628512504734E-004
   15.036799843310153       3.46352503635192382E-004
   15.480719063566649       3.17266351393032965E-004
   15.929778626129195       2.90951760510865071E-004
   16.384038053356402       2.67110880642591221E-004
   16.843557556843312       2.45481953218192018E-004
   17.308398045402388       2.25833986577693988E-004
   17.778621133136870       2.07963217920193827E-004
   18.254289147607732       1.91689188867102527E-004
   18.735465138095055       1.76851969122423266E-004
   19.222212883955184       1.63309435539941506E-004
   19.714596903074611       1.50935032371746008E-004
   20.212682460421735       1.39616079236009883E-004
   20.716535576697684       1.29251910870870659E-004
   21.226223037087248       1.19752490723605971E-004
   21.741812400111247       1.11037244630586229E-004
   22.263372006581260       1.03033902588902409E-004
   22.790970988658199       9.56776129005212683E-005
   23.324679279015680       8.89099876538453846E-005
   23.864567620109487       8.26784931445219596E-005
   24.410707573554429       7.69358148184655426E-005
   24.963171529609799       7.16392545253077546E-005
   25.522032716774543       6.67502251761998937E-005
   26.087365211493708       6.22338253669420813E-005
   26.659243947977107       5.80584915954077040E-005
   27.237744728131833       5.41956016368019746E-005
   27.822944231609657       5.06191960459032096E-005
   28.414920025970918       4.73056992856765802E-005
   29.013750576965958       4.42336806444522192E-005
   29.619515258935682       4.13836433586116107E-005
   30.232294365332525       3.87378393426562558E-005
   30.852169119363314       3.62800986245556505E-005
   31.479221684755270       3.39956485547646912E-005
   32.113535176646735       3.18710117391570778E-005
   32.755193672603994       2.98938695110918271E-005
   33.404282223765662       2.80529366788116031E-005
   34.060886866116121       2.63379045172231678E-005
   34.725094631889547       2.47393121828367830E-005
   35.396993561105788       2.32484810107996404E-005
   36.076672713240171       2.18574464321834750E-005
   36.764222179028124       2.05588990768005904E-005
   37.459733092406537       1.93461053231434536E-005
   38.163297642593704       1.82128742953917682E-005
   38.875009086308651       1.71535059684484504E-005
   39.594961760132335       1.61627516366149671E-005
   40.323251093011848       1.52357631824987842E-005
   41.059973618909424       1.43680682563578890E-005
   41.805226989597870       1.35555408255754414E-005
   42.559109987604231       1.27943601030601009E-005
   43.321722539303309       1.20809987857335553E-005
   44.093165728162830       1.14121932608736640E-005
   44.873541808141837       1.07849214099345068E-005
   45.662954217244518       1.01963795604806953E-005
   46.461507591230557       9.64397412872580440E-006
   47.269307777484784       9.12529618116207311E-006
   48.086461849046870       8.63811158936542096E-006
   48.913078118803895       8.18034772794986134E-006
   49.749266153847060       7.75007811952111464E-006
   50.595136789994683       7.34551254321362392E-006
   51.450802146483383       6.96498632246866964E-006
   52.316375640829307       6.60695058018503212E-006
   53.191972003861594       6.26996516408308245E-006
   54.077707294929752       5.95269010874990442E-006
   54.973698917287209       5.65387599683298739E-006
   55.880065633653004       5.37235716001737099E-006
   56.796927581953653       5.10705015393944224E-006
   57.724406291247291       4.85694309145370109E-006
   58.662624697832229       4.62109150159611731E-006
   59.611707161542000       4.39861501939689769E-006
   60.571779482229175       4.18869156530553497E-006
   61.542968916439946       3.99055315890623301E-006
   62.525404194281833       3.80348239524567033E-006
   63.519215536486826       3.62680893113444324E-006
   64.524534671671873       3.45990522808976179E-006
   65.541494853799364       3.30218644323355617E-006
   66.570230879839926       3.15310377840039362E-006
   67.610879107639562       3.01214279270256019E-006
   68.663577473993627       2.87882427332443239E-006
   69.728465512930370       2.75269803880829580E-006
   70.805684374205924       2.63334265102727370E-006
   71.895376842013476       2.52036375963155028E-006
   72.997687353909356       2.41339060727355603E-006
   74.112762019957970       2.31207701765507434E-006
   75.240748642098453       2.21609709722913999E-006
   76.381796733735783       2.12514526685626717E-006
   77.536057539558584       2.03893599499676168E-006
   78.703684055586393       1.95719943150108164E-006
   79.884831049449218       1.87968389459769292E-006
   81.079655080901659       1.80615258262660353E-006
   82.288314522574936       1.73638228479597329E-006
   83.510969580968876       1.67016392388402606E-006
   84.747782317687125       1.60730091780450564E-006
   85.998916670918263       1.54760836481422045E-006
   87.264538477165615       1.49091253763204057E-006
   88.544815493228754       1.43704983814390975E-006
   89.839917418439384       1.38586656134805524E-006
   91.150015917154875       1.33721803089120810E-006
   92.475284641512232       1.29096785485982004E-006
   93.815899254445370       1.24698803070948589E-006
   95.172037452969121       1.20515783559596577E-006
   96.543878991732768       1.16536324633859758E-006
   97.931605706846298       1.12749706056192942E-006
   99.335401539982797       1.09145851824633680E-006
   100.75545256275930       1.05715262454868306E-006
   102.19194700140083       1.02448944286640684E-006
   103.64507526168917       9.93384392503415413E-007
   105.11502995420123       9.63757733964195899E-007
   106.60200591983939       9.35534363708380335E-007
   108.10620025565727       9.08643279308107545E-007
   109.62781234098470       8.83017485740235179E-007
   111.16704386385551       8.58593731926426665E-007
   112.72409884774079       8.35312477683267934E-007
   114.29918367859212       8.13117359329066549E-007
   115.89250713219776       7.91955238429801395E-007
   117.50428040185567       7.71775779777731551E-007
   119.13471712636685       7.52531727631354107E-007
   120.78403341835322       7.34178164205715276E-007
   122.45244789290273       7.16672759825034258E-007
   124.14018169654686       6.99975516051538552E-007
   125.84745853657314       6.84048730642852571E-007
   127.57450471067749       6.68856639982054240E-007
   129.32154913695959       6.54365387918489015E-007
   131.08882338426585       6.40543138905628508E-007
   132.87656170288355       6.27359759133115198E-007
   134.68500105559033       6.14786678691978254E-007
   136.51438114906355       6.02796933155720724E-007
   138.36494446565308       5.91364946941568989E-007
   140.23693629552216       5.80466711977014537E-007
   142.13060476916010       5.70079395351648649E-007
   144.04620089027196       5.60181376567617576E-007
   145.98397856904867       5.50752395395370824E-007
   147.94419465582257       5.41773123158476119E-007
   149.92710897511282       5.33225390349421867E-007
   151.93298436006461       5.25091923321886059E-007
   153.96208668728750       5.17356472815054577E-007
   156.01468491209710       5.10003647748155385E-007
   158.09105110416485       5.03018908858766018E-007
   160.19146048358044       4.96388610347690296E-007
   162.31619145733205       4.90099778868070509E-007
   164.46552565620880       4.84140168236591622E-007
   166.63974797213066       4.78498280104303171E-007
   168.83914659591062       4.73163227652322085E-007
   171.06401305545384       4.68124753273873726E-007
   173.31464225439984       4.63373229281653344E-007
   175.59133251121094       4.58899566626227578E-007
   177.89438559871482       4.54695242417932211E-007
   180.22410678410350       4.50752208363820343E-007
   182.58080486939670       4.47062952886675726E-007
   184.96479223237304       4.43620430051269550E-007
   187.37638486797502       4.40418021579776784E-007
   189.81590243019457       4.37449583079634397E-007
   192.28366827444196       4.34709335547541714E-007
   194.78000950040692       4.32191940901201661E-007
   197.30525699541519       4.29892416234404373E-007
   199.85974547828673       4.27806150374913750E-007
   202.44381354370310       4.25928926914023061E-007
   205.05780370708757       4.24256808483452237E-007
   207.70206245000460       4.22786232946711076E-007
   210.37694026608671       4.21513977115995810E-007
   213.08279170749091       4.20437049894328316E-007
   215.81997543189487       4.19552851565867706E-007
   218.58885425003663       4.18859031318544381E-007
   221.38979517380415       4.18353519760307405E-007
   224.22316946488317       4.18034542997666749E-007
   227.08935268396687       4.17900596278895545E-007
   229.98872474053638       4.17950442614918996E-007
   232.92166994321752       4.18183100107241914E-007
   235.88857705071973       4.18597884456438054E-007
   238.88983932336680       4.19194286342261099E-007
   241.92585457522199       4.19972146486717543E-007
   244.99702522681815       4.20931500029017906E-007
   248.10375835849902       4.22072624524493081E-007
   251.24646576437578       4.23396087412078074E-007
   254.42556400691120       4.24902672281936933E-007
   257.64147447213367       4.26593416895577478E-007
   260.89462342549228       4.28469589814518650E-007
   264.18544206835679       4.30532761809896417E-007
   267.51436659517412       4.32784682502460929E-007
   270.88183825128425       4.35227406292464145E-007
   274.28830339140774       4.37863237493418365E-007
   277.73421353880946       4.40694723770433949E-007
   281.22002544514652       4.43724680784794861E-007
   284.74620115101186       4.46956180125476748E-007
   288.31320804717552       4.50392598668601909E-007
   291.92151893653801       4.54037612955415076E-007
   295.57161209679947       4.57895081514911211E-007
   299.26397134385439       4.61969249325655557E-007
   302.99908609592171       4.66264620022907977E-007
   306.77745143841616       4.70786035377419524E-007
   310.59956818957107       4.75538593482428793E-007
   314.46594296682218       4.80527765785370981E-007
   318.37708825395794       4.85759434520398502E-007
   322.33352246904985       4.91239696882353751E-007
   326.33577003316793       4.96975053529658273E-007
   330.38436143989145       5.02972387162368050E-007
   334.47983332562620       5.09239018790480803E-007
   338.62272854073433       5.15782579886986024E-007
   342.81359622148938       5.22611131606977053E-007
   347.05299186286317       5.29733341409608632E-007
   351.34147739215564       5.37158082151060072E-007
   355.67962124347906       5.44894799073144731E-007
   360.06799843310148       5.52953459318330002E-007
   364.50719063566635       5.61344550976426399E-007
   368.99778626129188       5.70079005980986996E-007
   373.54038053356390       5.79168456925085791E-007
   378.13557556843307       5.88624949107540301E-007
   382.78398045402372       5.98461265409885447E-007
   387.48621133136868       6.08690783433049209E-007
   392.24289147607738       6.19327587980729855E-007
   397.05465138095053       6.30386414211012091E-007
   401.92212883955193       6.41882723673645361E-007
   406.84596903074612       6.53832784653320972E-007
   411.82682460421728       6.66253689891290434E-007
   416.86535576697673       6.79163339645767851E-007
   421.96223037087236       6.92580584296109298E-007
   427.11812400111234       7.06525130571196592E-007
   432.33372006581249       7.21017653248082441E-007
   437.60970988658187       7.36079990667472737E-007
   442.94679279015668       7.51734901850211451E-007
   448.34567620109482       7.68006379789849382E-007
   453.80707573554446       7.84919684026284738E-007
   459.33171529609808       8.02501210904433711E-007
   464.92032716774548       8.20778741123841412E-007
   470.57365211493715       8.39781527132204691E-007
   476.29243947977102       8.59540287614419503E-007
   482.07744728131831       8.80086983837499859E-007
   487.92944231609641       9.01455685695326320E-007
   493.84920025970899       9.23681870607844320E-007
   499.83750576965957       9.46802986408240883E-007
   505.89515258935654       9.70858434592831038E-007
   512.02294365332523       9.95889517529996404E-007
   518.22169119363309       1.02193973858959365E-006
   524.49221684755275       1.04905492159401732E-006
   530.83535176646751       1.07728333699470547E-006
   537.25193672604007       1.10667564560005380E-006
   543.74282223765681       1.13728512378148449E-006
   550.30886866116145       1.16916798755980003E-006
   556.95094631889538       1.20238345160435581E-006
   563.66993561105801       1.23699390949715414E-006
   570.46672713240162       1.27306491922388674E-006
   577.34222179028109       1.31066566103369778E-006
   584.29733092406536       1.34986904331314980E-006
   591.33297642593686       1.39075241589526825E-006
   598.45009086308642       1.43339660878833599E-006
   605.64961760132348       1.47788717716696082E-006
   612.93251093011884       1.52431420770444610E-006
   620.29973618909435       1.57277318135689079E-006
   627.75226989597854       1.62336435109526935E-006
   635.29109987604227       1.67619446139360759E-006
   642.91722539303305       1.73137500898081569E-006
   650.63165728162835       1.78902470467168249E-006
   658.43541808141845       1.84926843166578120E-006
   666.32954217244480       1.91223850245486537E-006
   674.31507591230559       1.97807491054302986E-006
   682.39307777484760       2.04692518900253140E-006
   690.56461849046866       2.11894587511951108E-006
   698.83078118803883       2.19430191357655029E-006
   707.19266153847070       2.27316835346884499E-006
   715.65136789994710       2.35573034156832269E-006
   724.20802146483379       2.44218423830869172E-006
   732.86375640829328       2.53273767746633917E-006
   741.61972003861604       2.62761040293893802E-006
   750.47707294929739       2.72703573678911996E-006
   759.43698917287213       2.83126059893645920E-006
   768.50065633652980       2.94054621899882061E-006
   777.66927581953655       3.05517077354287078E-006
   786.94406291247276       3.17542916409136821E-006
   796.32624697832193       3.30163316465636868E-006
   805.81707161541988       3.43411488454382402E-006
   815.41779482229185       3.57322630710095042E-006
   825.12968916439968       3.71934111877727172E-006
   834.95404194281866       3.87285608882796768E-006
   844.89215536486836       4.03419371943695130E-006
   854.94534671671875       4.20380239099355766E-006
   865.11494853799343       4.38215802733988515E-006
   875.40230879839953       4.56976777871936355E-006
   885.80879107639544       4.76717083990496795E-006
   896.33577473993603       4.97494170675926497E-006
   906.98465512930386       5.19368878965591587E-006
   917.75684374205878       5.42406267914926173E-006
   928.65376842013461       5.66675674104563495E-006
   939.67687353909344       5.92250650876496132E-006
   950.82762019957966       6.19209775301019253E-006
   962.10748642098486       6.47636637902629662E-006
   973.51796733735796       6.77620642651649341E-006
   985.06057539558628       7.09256881799708943E-006
   996.73684055586398       7.42646896075453273E-006
   1008.5483104944919       7.77898924374191068E-006
   1020.4965508090165       8.15128621346524477E-006
   1032.5831452257491       8.54459477612945036E-006
   1044.8096958096889       8.96023316481678859E-006
   1057.1778231768710       9.39961020848173511E-006
   1069.6891667091820       9.86422637764114953E-006
   1082.3453847716560       1.03556957078082045E-005
   1095.1481549322875       1.08757345973357807E-005
   1108.0991741843943       1.14261853981503913E-005
   1121.2001591715491       1.20090182319269508E-005
   1134.4528464151222       1.26263338783599949E-005
   1147.8589925444537       1.32803925954243841E-005
   1161.4203745296909       1.39736081600898553E-005
   1175.1387899173276       1.47085718431354021E-005
   1189.0160570684632       1.54880519918291479E-005
   1203.0540153998277       1.63150175316136413E-005
   1217.2545256275930       1.71926641614524118E-005
   1231.6194700140077       1.81244024637592877E-005
   1246.1507526168914       1.91139029236383755E-005
   1260.8502995420120       2.01651019813477279E-005
   1275.7200591983940       2.12822147178067540E-005
   1290.7620025565730       2.24697875644643559E-005
   1305.9781234098471       2.37326986853851001E-005
   1321.3704386385555       2.50761773035616897E-005
   1336.9409884774079       2.65058554279636304E-005
   1352.6918367859209       2.80277921528119072E-005
   1368.6250713219777       2.96484876721327971E-005
   1384.7428040185562       3.13749538114645177E-005
   1401.0471712636679       3.32147387353824543E-005
   1417.5403341835317       3.51759601247226612E-005
   1434.2244789290266       3.72673600253687780E-005
   1451.1018169654681       3.94983470862359393E-005
   1468.1745853657314       4.18791030503475961E-005
   1485.4450471067746       4.44205512627244181E-005
   1502.9154913695963       4.71344892529091208E-005
   1520.5882338426588       5.00336614145271315E-005
   1538.4656170288358       5.31318087131435812E-005
   1556.5500105559029       5.64437696394706390E-005
   1574.8438114906348       5.99855539474780666E-005
   1593.3494446565303       6.37744548763881326E-005
   1612.0693629552204       6.78291798208116331E-005
   1631.0060476916010       7.21699330162641357E-005
   1650.1620089027190       7.68185493681025860E-005
   1669.5397856904856       8.17987028373520439E-005
   1689.1419465582253       8.71359394885055986E-005
   1708.9710897511275       9.28579151796405213E-005
   1729.0298436006465       9.89946403622351292E-005
